10
0.000000 0.000000 1.600000
0.000000 -0.000000 13.200001
0.000000 12.800000 1.600000
0.000000 12.800000 14.200001
4.600000 -0.000000 1.600000
4.600000 -0.000000 15.200001
4.600000 12.800000 1.600000
4.600000 12.800000 19.200001
0.000000 20.000000 0.0000000
4.600000 20.000000 0.0000000
14
24.000000 12.800000 19.200001
24.000000 12.800000 30.400000
24.000000 25.600000 19.200001
24.000000 25.600000 30.400000
25.600000 12.800000 19.200001
25.600000 12.800000 30.400000
25.600000 25.600000 19.200001
25.600000 25.600000 30.400000
24.000000 12.800000 1.600000
24.000000 12.800000 19.200001
24.000000 25.600000 1.600000
24.000000 25.600000 19.200001
25.600000 12.800000 1.600000
25.600000 12.800000 19.200001
7
24.000000 -0.000000 30.400000
24.000000 12.800000 19.200001
24.000000 12.800000 30.400000
25.600000 -0.000000 19.200001
25.600000 -0.000000 30.400000
25.600000 12.800000 19.200001
25.600000 12.800000 30.400000
8
24.000000 0.000000 1.600000
24.000000 -0.000000 19.200001
24.000000 12.800000 1.600000
24.000000 12.800000 19.200001
25.600000 -0.000000 1.600000
25.600000 -0.000000 19.200001
25.600000 12.800000 1.600000
25.600000 12.800000 19.200001
24
9.600000 1.600000 1.600000
9.600000 1.600000 1.600000
9.600000 1.600000 8.000000
9.600000 1.600000 8.000000
16.000000 -1.600000 1.600000
16.000000 -1.600000 1.600000
16.000000 -1.600000 8.000000
16.000000 -1.600000 8.000000
11.200001 -3.200000 1.600000
11.200001 -3.200000 1.600000
11.200001 -3.200000 8.000000
11.200001 -3.200000 8.000000
14.400000 3.200000 1.600000
14.400001 3.200000 1.600000
14.400000 3.200000 8.000000
14.400001 3.200000 8.000000
14.400001 3.200000 1.600000
16.000000 -1.600000 1.600000
9.600000 1.600000 1.600000
11.200001 -3.200000 1.600000
14.400001 3.200000 8.000000
16.000000 -1.600000 8.000000
9.600000 1.600000 8.000000
11.200001 -3.200000 8.000000
16
-0.000000 -21.600000 12.800000
0.000000 -21.600000 14.400001
-0.000000 -23.199999 12.800000
0.000000 -23.199999 14.400001
12.800000 -21.600000 12.800000
12.800000 -21.600000 14.400001
12.800000 -21.600002 12.800000
12.800000 -21.600002 14.400001
12.000000 -28.000000 12.800000
12.000002 -28.000000 12.800000
12.000000 -28.000000 14.400001
12.000002 -28.000000 14.400001
12.800000 -21.600000 12.800000
12.800000 -21.600000 14.400001
12.000000 -28.000000 12.800000
12.000000 -28.000000 14.400001